image: gates.pgm
resolution: 0.020000
origin: [-49.640000, -13.160000, 0.000000]
negate: 0
occupied_thresh: 0.65
free_thresh: 0.196

